-0.0112407,-0.0117724,-0.0251389,-0.0037804,-0.0122867,0.00292061,-0.00242498,-0.0116312,0.000903073,0.0127563,0.0140877,-0.00885772,0.0237305,0.0144573,-0.00518868,0.00793785,0.0139636,0.00609732,-0.00785927,0.00484942
-0.0118336,-0.0170555,-0.0218125,-0.00900701,-0.012125,0.00654134,-0.00226162,-0.0141912,0.00315149,0.013732,0.024416,-0.00705074,0.0286935,0.0182655,-0.00581013,0.00630056,0.0106232,0.0124577,-0.0124085,-0.00814125
-0.0114101,-0.0132818,-0.0241885,-0.00527372,-0.0122405,0.00395511,-0.0023783,-0.0123626,0.00154548,0.0130351,0.0170387,-0.00834144,0.0251485,0.0155453,-0.00536624,0.00747005,0.0130092,0.00791457,-0.00915905,0.0011378
-0.0124265,-0.0223387,-0.0184861,-0.0142336,-0.0119633,0.0101621,-0.00209825,-0.0167513,0.00539991,0.0147076,0.0347443,-0.00524376,0.0336565,0.0220737,-0.00643159,0.00466328,0.00728289,0.0188181,-0.0169577,-0.0211319
-0.0109866,-0.00950817,-0.0265645,-0.00154042,-0.012356,0.00136887,-0.00249499,-0.010534,-6.05356e-05,0.0123382,0.0096613,-0.00963214,0.0216035,0.0128252,-0.00492234,0.00863955,0.0153951,0.00337144,-0.00590959,0.0104169
-0.0118336,-0.0170555,-0.0218125,-0.00900701,-0.012125,0.00654134,-0.00226162,-0.0141912,0.00315149,0.013732,0.024416,-0.00705074,0.0286935,0.0182655,-0.00581013,0.00630056,0.0106232,0.0124577,-0.0124085,-0.00814125
-0.0114101,-0.0132818,-0.0241885,-0.00527372,-0.0122405,0.00395511,-0.0023783,-0.0123626,0.00154548,0.0130351,0.0170387,-0.00834144,0.0251485,0.0155453,-0.00536624,0.00747005,0.0130092,0.00791457,-0.00915905,0.0011378
-0.0124265,-0.0223387,-0.0184861,-0.0142336,-0.0119633,0.0101621,-0.00209825,-0.0167513,0.00539991,0.0147076,0.0347443,-0.00524376,0.0336565,0.0220737,-0.00643159,0.00466328,0.00728289,0.0188181,-0.0169577,-0.0211319
-0.0118336,-0.0170555,-0.0218125,-0.00900701,-0.012125,0.00654134,-0.00226162,-0.0141912,0.00315149,0.013732,0.024416,-0.00705074,0.0286935,0.0182655,-0.00581013,0.00630056,0.0106232,0.0124577,-0.0124085,-0.00814125
-0.0121724,-0.0200745,-0.0199117,-0.0119937,-0.0120326,0.00861033,-0.00216826,-0.0156541,0.0044363,0.0142895,0.0303179,-0.00601818,0.0315295,0.0204416,-0.00616525,0.00536497,0.00871447,0.0160922,-0.0150081,-0.0155645
-0.0119183,-0.0178103,-0.0213373,-0.00975367,-0.0121019,0.00705859,-0.00223828,-0.014557,0.0034727,0.0138713,0.0258915,-0.0067926,0.0294025,0.0188095,-0.00589891,0.00606667,0.010146,0.0133663,-0.0130584,-0.00999706
-0.0124265,-0.0223387,-0.0184861,-0.0142336,-0.0119633,0.0101621,-0.00209825,-0.0167513,0.00539991,0.0147076,0.0347443,-0.00524376,0.0336565,0.0220737,-0.00643159,0.00466328,0.00728289,0.0188181,-0.0169577,-0.0211319
-0.0118336,-0.0170555,-0.0218125,-0.00900701,-0.012125,0.00654134,-0.00226162,-0.0141912,0.00315149,0.013732,0.024416,-0.00705074,0.0286935,0.0182655,-0.00581013,0.00630056,0.0106232,0.0124577,-0.0124085,-0.00814125
-0.0121724,-0.0200745,-0.0199117,-0.0119937,-0.0120326,0.00861033,-0.00216826,-0.0156541,0.0044363,0.0142895,0.0303179,-0.00601818,0.0315295,0.0204416,-0.00616525,0.00536497,0.00871447,0.0160922,-0.0150081,-0.0155645
-0.0109866,-0.00950817,-0.0265645,-0.00154042,-0.012356,0.00136887,-0.00249499,-0.010534,-6.05356e-05,0.0123382,0.0096613,-0.00963214,0.0216035,0.0128252,-0.00492234,0.00863955,0.0153951,0.00337144,-0.00590959,0.0104169
-0.0114948,-0.0140366,-0.0237133,-0.00602038,-0.0122174,0.00447235,-0.00235497,-0.0127284,0.00186668,0.0131745,0.0185141,-0.0080833,0.0258575,0.0160894,-0.00545502,0.00723616,0.012532,0.00882319,-0.00980894,-0.000718008
-0.0112407,-0.0117724,-0.0251389,-0.0037804,-0.0122867,0.00292061,-0.00242498,-0.0116312,0.000903073,0.0127563,0.0140877,-0.00885772,0.0237305,0.0144573,-0.00518868,0.00793785,0.0139636,0.00609732,-0.00785927,0.00484942
-0.0109866,-0.00950817,-0.0265645,-0.00154042,-0.012356,0.00136887,-0.00249499,-0.010534,-6.05356e-05,0.0123382,0.0096613,-0.00963214,0.0216035,0.0128252,-0.00492234,0.00863955,0.0153951,0.00337144,-0.00590959,0.0104169
-0.0121724,-0.0200745,-0.0199117,-0.0119937,-0.0120326,0.00861033,-0.00216826,-0.0156541,0.0044363,0.0142895,0.0303179,-0.00601818,0.0315295,0.0204416,-0.00616525,0.00536497,0.00871447,0.0160922,-0.0150081,-0.0155645
-0.0110713,-0.0102629,-0.0260893,-0.00228708,-0.0123329,0.00188612,-0.00247165,-0.0108997,0.000260667,0.0124776,0.0111368,-0.009374,0.0223125,0.0133692,-0.00501112,0.00840565,0.0149179,0.00428007,-0.00655948,0.00856104