-0.0114101,-0.0132818,-0.0241885,-0.00527372,-0.0122405,0.00395511,-0.0023783,-0.0123626,0.00154548,0.0130351,0.0170387,-0.00834144,0.0251485,0.0155453,-0.00536624,0.00747005,0.0130092,0.00791457,-0.00915905,0.0011378
-0.0123418,-0.0215839,-0.0189613,-0.013487,-0.0119864,0.00964482,-0.00212159,-0.0163856,0.00507871,0.0145682,0.0332688,-0.0055019,0.0329475,0.0215297,-0.00634281,0.00489718,0.00776008,0.0179095,-0.0163078,-0.0192761
-0.0110713,-0.0102629,-0.0260893,-0.00228708,-0.0123329,0.00188612,-0.00247165,-0.0108997,0.000260667,0.0124776,0.0111368,-0.009374,0.0223125,0.0133692,-0.00501112,0.00840565,0.0149179,0.00428007,-0.00655948,0.00856104
-0.0110713,-0.0102629,-0.0260893,-0.00228708,-0.0123329,0.00188612,-0.00247165,-0.0108997,0.000260667,0.0124776,0.0111368,-0.009374,0.0223125,0.0133692,-0.00501112,0.00840565,0.0149179,0.00428007,-0.00655948,0.00856104
-0.0120877,-0.0193197,-0.0203869,-0.011247,-0.0120557,0.00809308,-0.0021916,-0.0152884,0.0041151,0.0141501,0.0288424,-0.00627632,0.0308205,0.0198976,-0.00607647,0.00559887,0.00919166,0.0151836,-0.0143582,-0.0137087
-0.0117489,-0.0163008,-0.0222877,-0.00826036,-0.0121481,0.0060241,-0.00228495,-0.0138255,0.00283029,0.0135926,0.0229405,-0.00730888,0.0279845,0.0177215,-0.00572135,0.00653446,0.0111004,0.0115491,-0.0117586,-0.00628544
-0.0124265,-0.0223387,-0.0184861,-0.0142336,-0.0119633,0.0101621,-0.00209825,-0.0167513,0.00539991,0.0147076,0.0347443,-0.00524376,0.0336565,0.0220737,-0.00643159,0.00466328,0.00728289,0.0188181,-0.0169577,-0.0211319
-0.0113254,-0.0125271,-0.0246637,-0.00452706,-0.0122636,0.00343786,-0.00240164,-0.0119969,0.00122428,0.0128957,0.0155632,-0.00859958,0.0244395,0.0150013,-0.00527746,0.00770395,0.0134864,0.00700594,-0.00850916,0.00299361
-0.0122571,-0.0208292,-0.0194365,-0.0127403,-0.0120095,0.00912758,-0.00214493,-0.0160198,0.00475751,0.0144288,0.0317934,-0.00576004,0.0322385,0.0209857,-0.00625403,0.00513107,0.00823728,0.0170008,-0.0156579,-0.0174203
-0.0120877,-0.0193197,-0.0203869,-0.011247,-0.0120557,0.00809308,-0.0021916,-0.0152884,0.0041151,0.0141501,0.0288424,-0.00627632,0.0308205,0.0198976,-0.00607647,0.00559887,0.00919166,0.0151836,-0.0143582,-0.0137087
-0.0119183,-0.0178103,-0.0213373,-0.00975367,-0.0121019,0.00705859,-0.00223828,-0.014557,0.0034727,0.0138713,0.0258915,-0.0067926,0.0294025,0.0188095,-0.00589891,0.00606667,0.010146,0.0133663,-0.0130584,-0.00999706
-0.0113254,-0.0125271,-0.0246637,-0.00452706,-0.0122636,0.00343786,-0.00240164,-0.0119969,0.00122428,0.0128957,0.0155632,-0.00859958,0.0244395,0.0150013,-0.00527746,0.00770395,0.0134864,0.00700594,-0.00850916,0.00299361
-0.0110713,-0.0102629,-0.0260893,-0.00228708,-0.0123329,0.00188612,-0.00247165,-0.0108997,0.000260667,0.0124776,0.0111368,-0.009374,0.0223125,0.0133692,-0.00501112,0.00840565,0.0149179,0.00428007,-0.00655948,0.00856104
-0.0119183,-0.0178103,-0.0213373,-0.00975367,-0.0121019,0.00705859,-0.00223828,-0.014557,0.0034727,0.0138713,0.0258915,-0.0067926,0.0294025,0.0188095,-0.00589891,0.00606667,0.010146,0.0133663,-0.0130584,-0.00999706
-0.0117489,-0.0163008,-0.0222877,-0.00826036,-0.0121481,0.0060241,-0.00228495,-0.0138255,0.00283029,0.0135926,0.0229405,-0.00730888,0.0279845,0.0177215,-0.00572135,0.00653446,0.0111004,0.0115491,-0.0117586,-0.00628544
-0.0108172,-0.0079987,-0.0275149,-4.71045e-05,-0.0124022,0.000334379,-0.00254167,-0.00980259,-0.000702941,0.0120595,0.00671036,-0.0101484,0.0201855,0.0117371,-0.00474478,0.00910734,0.0163495,0.00155419,-0.00460981,0.0141285
-0.0113254,-0.0125271,-0.0246637,-0.00452706,-0.0122636,0.00343786,-0.00240164,-0.0119969,0.00122428,0.0128957,0.0155632,-0.00859958,0.0244395,0.0150013,-0.00527746,0.00770395,0.0134864,0.00700594,-0.00850916,0.00299361
-0.0117489,-0.0163008,-0.0222877,-0.00826036,-0.0121481,0.0060241,-0.00228495,-0.0138255,0.00283029,0.0135926,0.0229405,-0.00730888,0.0279845,0.0177215,-0.00572135,0.00653446,0.0111004,0.0115491,-0.0117586,-0.00628544
-0.0122571,-0.0208292,-0.0194365,-0.0127403,-0.0120095,0.00912758,-0.00214493,-0.0160198,0.00475751,0.0144288,0.0317934,-0.00576004,0.0322385,0.0209857,-0.00625403,0.00513107,0.00823728,0.0170008,-0.0156579,-0.0174203
-0.0117489,-0.0163008,-0.0222877,-0.00826036,-0.0121481,0.0060241,-0.00228495,-0.0138255,0.00283029,0.0135926,0.0229405,-0.00730888,0.0279845,0.0177215,-0.00572135,0.00653446,0.0111004,0.0115491,-0.0117586,-0.00628544