-0.0114098,-0.0132815,-0.0241861,-0.00527369,-0.0122402,0.0039551,-0.0023783,-0.0123623,0.00154548,0.0130347,0.0170378,-0.00834134,0.0251459,0.0155447,-0.00536621,0.00746999,0.0130088,0.00791449,-0.00915892,0.0011378
-0.0123415,-0.0215823,-0.0189602,-0.0134866,-0.0119861,0.00964468,-0.00212159,-0.0163848,0.00507869,0.0145677,0.0332627,-0.00550187,0.0329416,0.021528,-0.00634277,0.00489716,0.00776001,0.0179085,-0.0163071,-0.0192749
-0.0110711,-0.0102627,-0.0260864,-0.00228708,-0.0123326,0.00188612,-0.00247165,-0.0108995,0.000260667,0.0124773,0.0111365,-0.00937386,0.0223106,0.0133688,-0.0050111,0.00840555,0.0149174,0.00428005,-0.00655944,0.00856094
-0.0110711,-0.0102627,-0.0260864,-0.00228708,-0.0123326,0.00188612,-0.00247165,-0.0108995,0.000260667,0.0124773,0.0111365,-0.00937386,0.0223106,0.0133688,-0.0050111,0.00840555,0.0149174,0.00428005,-0.00655944,0.00856094
-0.0120874,-0.0193185,-0.0203855,-0.0112468,-0.0120554,0.008093,-0.0021916,-0.0152878,0.00411509,0.0141496,0.0288384,-0.00627628,0.0308156,0.0198963,-0.00607643,0.00559884,0.00919153,0.015183,-0.0143577,-0.0137082
-0.0117486,-0.0163001,-0.0222859,-0.00826026,-0.0121478,0.00602406,-0.00228495,-0.0138251,0.00283029,0.0135922,0.0229385,-0.00730882,0.0279809,0.0177205,-0.00572132,0.00653442,0.0111002,0.0115488,-0.0117583,-0.0062854
-0.0124261,-0.0223368,-0.018485,-0.0142331,-0.011963,0.0101619,-0.00209825,-0.0167505,0.00539989,0.014707,0.0347373,-0.00524374,0.0336502,0.0220719,-0.00643154,0.00466326,0.00728283,0.018817,-0.0169569,-0.0211303
-0.0113251,-0.0125268,-0.0246612,-0.00452704,-0.0122633,0.00343785,-0.00240164,-0.0119966,0.00122428,0.0128953,0.0155626,-0.00859947,0.0244371,0.0150007,-0.00527743,0.00770388,0.013486,0.00700589,-0.00850905,0.00299361
-0.0122568,-0.0208277,-0.0194353,-0.01274,-0.0120092,0.00912745,-0.00214493,-0.0160191,0.00475749,0.0144283,0.031788,-0.00576001,0.0322329,0.0209841,-0.00625399,0.00513105,0.00823718,0.017,-0.0156573,-0.0174194
-0.0120874,-0.0193185,-0.0203855,-0.0112468,-0.0120554,0.008093,-0.0021916,-0.0152878,0.00411509,0.0141496,0.0288384,-0.00627628,0.0308156,0.0198963,-0.00607643,0.00559884,0.00919153,0.015183,-0.0143577,-0.0137082
-0.011918,-0.0178093,-0.0213357,-0.00975352,-0.0121016,0.00705853,-0.00223828,-0.0145564,0.00347269,0.0138709,0.0258886,-0.00679255,0.0293983,0.0188084,-0.00589888,0.00606663,0.0101459,0.0133659,-0.013058,-0.00999689
-0.0113251,-0.0125268,-0.0246612,-0.00452704,-0.0122633,0.00343785,-0.00240164,-0.0119966,0.00122428,0.0128953,0.0155626,-0.00859947,0.0244371,0.0150007,-0.00527743,0.00770388,0.013486,0.00700589,-0.00850905,0.00299361
-0.0110711,-0.0102627,-0.0260864,-0.00228708,-0.0123326,0.00188612,-0.00247165,-0.0108995,0.000260667,0.0124773,0.0111365,-0.00937386,0.0223106,0.0133688,-0.0050111,0.00840555,0.0149174,0.00428005,-0.00655944,0.00856094
-0.011918,-0.0178093,-0.0213357,-0.00975352,-0.0121016,0.00705853,-0.00223828,-0.0145564,0.00347269,0.0138709,0.0258886,-0.00679255,0.0293983,0.0188084,-0.00589888,0.00606663,0.0101459,0.0133659,-0.013058,-0.00999689
-0.0117486,-0.0163001,-0.0222859,-0.00826026,-0.0121478,0.00602406,-0.00228495,-0.0138251,0.00283029,0.0135922,0.0229385,-0.00730882,0.0279809,0.0177205,-0.00572132,0.00653442,0.0111002,0.0115488,-0.0117583,-0.0062854
-0.010817,-0.00799862,-0.0275114,-4.71045e-05,-0.0124019,0.000334379,-0.00254166,-0.00980243,-0.000702941,0.0120592,0.00671031,-0.0101482,0.0201841,0.0117368,-0.00474477,0.00910722,0.0163488,0.00155419,-0.0046098,0.014128
-0.0113251,-0.0125268,-0.0246612,-0.00452704,-0.0122633,0.00343785,-0.00240164,-0.0119966,0.00122428,0.0128953,0.0155626,-0.00859947,0.0244371,0.0150007,-0.00527743,0.00770388,0.013486,0.00700589,-0.00850905,0.00299361
-0.0117486,-0.0163001,-0.0222859,-0.00826026,-0.0121478,0.00602406,-0.00228495,-0.0138251,0.00283029,0.0135922,0.0229385,-0.00730882,0.0279809,0.0177205,-0.00572132,0.00653442,0.0111002,0.0115488,-0.0117583,-0.0062854
-0.0122568,-0.0208277,-0.0194353,-0.01274,-0.0120092,0.00912745,-0.00214493,-0.0160191,0.00475749,0.0144283,0.031788,-0.00576001,0.0322329,0.0209841,-0.00625399,0.00513105,0.00823718,0.017,-0.0156573,-0.0174194
-0.0117486,-0.0163001,-0.0222859,-0.00826026,-0.0121478,0.00602406,-0.00228495,-0.0138251,0.00283029,0.0135922,0.0229385,-0.00730882,0.0279809,0.0177205,-0.00572132,0.00653442,0.0111002,0.0115488,-0.0117583,-0.0062854