-0.0120874,-0.0193185,-0.0203855,-0.0112468,-0.0120554,0.008093,-0.0021916,-0.0152878,0.00411509,0.0141496,0.0288384,-0.00627628,0.0308156,0.0198963,-0.00607643,0.00559884,0.00919153,0.015183,-0.0143577,-0.0137082
-0.0116639,-0.0155454,-0.0227609,-0.00751363,-0.0121709,0.00550682,-0.00230829,-0.0134594,0.00250908,0.0134528,0.0214634,-0.00756695,0.0272721,0.0171766,-0.00563255,0.00676831,0.0115774,0.0106402,-0.0111085,-0.00442961
-0.0114945,-0.0140361,-0.0237111,-0.00602034,-0.0122171,0.00447234,-0.00235496,-0.012728,0.00186668,0.0131741,0.0185131,-0.00808321,0.0258546,0.0160887,-0.00545499,0.00723609,0.0125317,0.00882308,-0.00980878,-0.000718008
-0.0124261,-0.0223368,-0.018485,-0.0142331,-0.011963,0.0101619,-0.00209825,-0.0167505,0.00539989,0.014707,0.0347373,-0.00524374,0.0336502,0.0220719,-0.00643154,0.00466326,0.00728283,0.018817,-0.0169569,-0.0211303
-0.0109864,-0.00950803,-0.0265614,-0.00154042,-0.0123557,0.00136887,-0.00249499,-0.0105338,-6.05356e-05,0.0123379,0.00966115,-0.00963199,0.0216018,0.0128248,-0.00492232,0.00863944,0.0153945,0.00337143,-0.00590956,0.0104167
-0.0109864,-0.00950803,-0.0265614,-0.00154042,-0.0123557,0.00136887,-0.00249499,-0.0105338,-6.05356e-05,0.0123379,0.00966115,-0.00963199,0.0216018,0.0128248,-0.00492232,0.00863944,0.0153945,0.00337143,-0.00590956,0.0104167
-0.0113251,-0.0125268,-0.0246612,-0.00452704,-0.0122633,0.00343785,-0.00240164,-0.0119966,0.00122428,0.0128953,0.0155626,-0.00859947,0.0244371,0.0150007,-0.00527743,0.00770388,0.013486,0.00700589,-0.00850905,0.00299361
-0.0114098,-0.0132815,-0.0241861,-0.00527369,-0.0122402,0.0039551,-0.0023783,-0.0123623,0.00154548,0.0130347,0.0170378,-0.00834134,0.0251459,0.0155447,-0.00536621,0.00746999,0.0130088,0.00791449,-0.00915892,0.0011378
-0.0117486,-0.0163001,-0.0222859,-0.00826026,-0.0121478,0.00602406,-0.00228495,-0.0138251,0.00283029,0.0135922,0.0229385,-0.00730882,0.0279809,0.0177205,-0.00572132,0.00653442,0.0111002,0.0115488,-0.0117583,-0.0062854
-0.0124261,-0.0223368,-0.018485,-0.0142331,-0.011963,0.0101619,-0.00209825,-0.0167505,0.00539989,0.014707,0.0347373,-0.00524374,0.0336502,0.0220719,-0.00643154,0.00466326,0.00728283,0.018817,-0.0169569,-0.0211303
-0.0124261,-0.0223368,-0.018485,-0.0142331,-0.011963,0.0101619,-0.00209825,-0.0167505,0.00539989,0.014707,0.0347373,-0.00524374,0.0336502,0.0220719,-0.00643154,0.00466326,0.00728283,0.018817,-0.0169569,-0.0211303
-0.0111558,-0.0110174,-0.0256113,-0.00303374,-0.0123095,0.00240336,-0.00244831,-0.0112652,0.00058187,0.0126166,0.0126119,-0.00911573,0.0230195,0.0139128,-0.00509988,0.00817166,0.0144403,0.00518867,-0.00720931,0.00670518
-0.011918,-0.0178093,-0.0213357,-0.00975352,-0.0121016,0.00705853,-0.00223828,-0.0145564,0.00347269,0.0138709,0.0258886,-0.00679255,0.0293983,0.0188084,-0.00589888,0.00606663,0.0101459,0.0133659,-0.013058,-0.00999689
-0.0113251,-0.0125268,-0.0246612,-0.00452704,-0.0122633,0.00343785,-0.00240164,-0.0119966,0.00122428,0.0128953,0.0155626,-0.00859947,0.0244371,0.0150007,-0.00527743,0.00770388,0.013486,0.00700589,-0.00850905,0.00299361
-0.0109864,-0.00950803,-0.0265614,-0.00154042,-0.0123557,0.00136887,-0.00249499,-0.0105338,-6.05356e-05,0.0123379,0.00966115,-0.00963199,0.0216018,0.0128248,-0.00492232,0.00863944,0.0153945,0.00337143,-0.00590956,0.0104167
-0.0124261,-0.0223368,-0.018485,-0.0142331,-0.011963,0.0101619,-0.00209825,-0.0167505,0.00539989,0.014707,0.0347373,-0.00524374,0.0336502,0.0220719,-0.00643154,0.00466326,0.00728283,0.018817,-0.0169569,-0.0211303
-0.0111558,-0.0110174,-0.0256113,-0.00303374,-0.0123095,0.00240336,-0.00244831,-0.0112652,0.00058187,0.0126166,0.0126119,-0.00911573,0.0230195,0.0139128,-0.00509988,0.00817166,0.0144403,0.00518867,-0.00720931,0.00670518
-0.0116639,-0.0155454,-0.0227609,-0.00751363,-0.0121709,0.00550682,-0.00230829,-0.0134594,0.00250908,0.0134528,0.0214634,-0.00756695,0.0272721,0.0171766,-0.00563255,0.00676831,0.0115774,0.0106402,-0.0111085,-0.00442961
-0.0120874,-0.0193185,-0.0203855,-0.0112468,-0.0120554,0.008093,-0.0021916,-0.0152878,0.00411509,0.0141496,0.0288384,-0.00627628,0.0308156,0.0198963,-0.00607643,0.00559884,0.00919153,0.015183,-0.0143577,-0.0137082
-0.011918,-0.0178093,-0.0213357,-0.00975352,-0.0121016,0.00705853,-0.00223828,-0.0145564,0.00347269,0.0138709,0.0258886,-0.00679255,0.0293983,0.0188084,-0.00589888,0.00606663,0.0101459,0.0133659,-0.013058,-0.00999689